98 0
199 0
300 0
404 0
509 0
615 0
723 0
832 0
942 0
1055 0
1168 0
1284 0
1399 0
1517 0
1637 0
1758 0
1881 0
2004 0
2130 0
2257 0
2385 0
2515 0
2646 0
2778 0
2913 0
3048 0
3186 0
3323 0
3463 0
3605 0
3748 0
3893 0
4038 0
4185 0
4285 0
4386 0
4492 0
4601 0
4715 0
4833 0
4953 0
5077 0
5204 0
5336 0
5473 0
5611 0
5756 0
5898 0
5998 0
6147 0
6244 0
6346 0
6450 0
6561 0
6673 0
6770 0
6876 0
6989 0
7108 0
7239 0
7343 0
7458 0
7579 0
7715 0
7854 0
7969 0
8092 0
8235 0
8379 0
8502 0
8627 0
8754 0
8883 0
9015 0
9145 0
9278 0
9416 0
9523 0
9666 0
9773 0
9871 0
9972 0
