24 0
51 0
78 0
108 0
139 0
171 0
197 0
229 0
258 0
293 0
316 0
347 0
371 0
397 1
425 2
453 2
484 2
516 2
542 2
571 2
594 2
622 2
649 2
682 3
712 3
736 3
766 3
797 3
823 3
846 3
873 3
903 4
930 4
963 5
989 6
1019 6
1045 6
1072 6
1103 6
1136 7
1160 7
1187 7
1218 7
1247 7
1280 7
1304 7
1332 8
1358 8
1392 9
1425 9
1454 9
1478 9
1506 9
1536 9
1560 9
1592 9
1622 9
1645 9
1678 10
1707 11
1736 11
1767 11
1794 11
1821 11
1844 11
1869 11
1896 11
1927 11
1960 11
1991 11
2018 12
2041 12
2066 12
2096 12
2123 12
2145 12
2169 12
2199 12
2231 12
2256 12
2282 12
2305 12
2335 12
2358 12
2384 12
2404 12
2426 12
2454 12
2484 13
2508 13
2528 13
2553 13
2582 13
2608 13
2628 13
2650 13
2677 14
2701 15
2726 15
2753 15
2773 15
2795 15
2822 15
2849 15
2879 15
2898 15
2920 15
2945 15
2967 15
2993 15
3011 15
3034 16
3055 16
3082 16
3104 16
3128 16
3145 16
3170 16
3190 16
3216 16
3235 16
3257 16
3279 16
3295 16
3316 16
3332 16
3356 16
3379 16
3395 16
3414 16
3434 16
3457 16
3470 16
3492 17
3510 17
3528 17
3550 17
3564 17
3588 17
3608 17
3626 17
3648 18
3664 18
3681 18
3701 19
3719 19
3737 19
3758 19
3782 19
3805 19
3820 19
3835 19
3854 19
3869 19
3885 19
3902 19
3922 19
3942 19
3964 19
3976 19
3994 19
4006 19
4020 19
4034 19
4050 19
4060 19
4075 19
4093 19
4113 20
4127 21
4139 21
4153 22
4172 22
4187 22
4204 22
4224 22
4235 22
4255 22
4270 22
4285 22
4295 22
4314 23
4332 23
4346 24
4364 24
4384 24
4397 24
4417 24
4431 24
4448 24
4458 24
4470 24
4487 24
4502 24
4515 25
4534 25
4546 25
4561 25
4581 25
4600 26
4610 26
4622 26
4638 26
4656 27
4668 27
4684 27
4696 27
4712 27
4732 27
4742 27
4751 27
4768 28
4785 28
4800 28
4816 29
4826 29
4843 29
4861 29
4873 29
4887 29
4899 29
4917 29
4930 29
4945 29
4955 29
4972 29
4981 29
4992 29
5005 29
5023 29
5030 29
5042 30
5056 30
5065 30
5080 30
5092 30
5099 30
5114 30
5122 30
5134 30
5143 30
5153 30
5161 30
5171 30
5186 30
5196 30
5200 30
5213 30
5225 30
5235 30
5239 30
5245 30
5254 30
5255 20
5280 20
5306 20
5334 20
5363 20
5393 20
5426 20
5459 20
5484 20
5513 20
5541 20
5576 20
5599 20
5624 20
5654 20
5685 21
5710 21
5742 22
5768 23
5793 23
5823 23
5857 23
5882 23
5911 23
5936 23
5967 23
5996 23
6027 24
6055 24
6079 24
6105 24
6136 24
6160 24
6191 25
6219 25
6247 25
6276 25
6306 25
6336 26
6364 26
6396 26
6420 26
6444 26
6471 26
6500 26
6525 26
6553 26
6582 26
6612 27
6634 27
6659 27
6684 27
6710 27
6738 27
6768 27
6800 28
6824 28
6846 28
6873 29
6898 29
6926 29
6956 29
6978 29
7006 29
7031 29
7063 29
7085 29
7114 29
7139 29
7164 29
7191 29
7222 30
7243 30
7267 30
7289 30
7315 30
7343 30
7365 30
7384 30
7407 30
7433 30
7458 30
7481 30
7499 30
7522 30
7549 30
7574 30
7594 30
7611 30
7632 30
7655 30
7680 30
7701 30
7724 31
7751 31
7775 31
7792 31
7810 31
7832 31
7851 31
7873 31
7897 32
7914 32
7932 32
7954 32
7973 32
7998 32
8018 32
8041 32
8063 32
8078 32
8095 32
8113 32
8134 32
8155 32
8170 32
8189 32
8203 32
8226 33
8247 33
8264 33
8286 34
8306 34
8319 35
8337 35
8361 35
8378 35
8400 35
8418 35
8439 35
8463 35
8479 35
8493 35
8514 35
8531 36
8550 37
8571 38
8593 38
8608 38
8626 38
8649 38
8671 38
8694 38
8715 38
8733 38
8750 39
8765 39
8785 39
8803 39
8826 39
8840 39
8862 39
8875 39
8896 39
8913 39
8933 39
8950 39
8968 39
8989 39
9003 39
9023 40
9036 40
9051 40
9066 40
9086 40
9107 40
9122 40
9140 41
9154 42
9168 43
9186 44
9203 44
9223 44
9246 44
9268 44
9288 44
9305 44
9321 44
9342 44
9363 44
9378 44
9396 45
9409 45
9430 46
9448 46
9468 46
9491 47
9508 47
9521 48
9542 48
9562 48
9585 48
9606 48
9629 48
9647 48
9663 49
9677 49
9695 49
9713 49
9733 49
9756 49
9778 49
9792 49
9810 50
9827 50
9842 50
9863 50
9885 50
9904 50
9921 50
9934 50
9955 50
9971 50
9988 50
10009 50
10021 50
10036 50
10056 50
10070 50
10088 50
10100 50
10122 50
10139 50
10155 51
10167 52
10179 52
10195 52
10210 52
10224 52
10242 52
10261 53
10276 54
10297 54
10310 54
10326 54
10345 54
10359 54
10375 54
10394 55
10405 55
10423 55
10443 55
10456 55
10474 56
10488 56
10504 56
10527 56
10545 56
10556 56
10574 56
10588 56
10599 56
10609 56
10623 56
10642 57
10655 57
10673 57
10692 57
10706 57
10723 57
10734 57
10746 57
10762 57
10778 58
10792 59
10808 59
10818 59
10836 59
10849 59
10868 59
10880 59
10894 59
10903 59
10918 59
10929 59
10948 59
10956 59
10972 60
10984 61
10997 61
11013 62
11031 62
11041 62
11054 62
11073 62
11093 62
11108 62
11123 62
11135 62
11151 62
11162 63
11179 63
11188 63
11200 63
11218 63
11229 63
11242 63
11250 63
11267 64
11281 64
11293 64
11309 64
11324 64
11333 64
11350 64
11360 64
11371 64
11378 64
11390 64
11404 64
11420 65
11435 65
11444 65
11455 65
11466 65
11483 65
11492 65
11499 65
11510 66
11521 66
11534 66
11540 66
11548 66
11556 66
11571 66
11587 66
11592 66
11598 66
11612 66
11621 66
11632 66
11644 66
11649 66
11663 66
11672 66
11679 66
11683 66
11684 56
11709 56
11736 56
11764 56
11795 56
11825 56
11849 56
11882 56
11914 56
11938 56
11961 56
11988 56
12017 56
12050 56
12081 56
12107 56
12133 56
12163 56
12185 56
12214 56
12235 56
12259 56
12289 56
12320 56
12345 56
12371 56
12396 57
12417 57
12441 57
12463 57
12483 57
12508 57
12534 57
12564 57
12593 57
12621 57
12638 58
12661 58
12685 58
12705 58
12724 58
12747 58
12772 58
12801 58
12828 58
12849 58
12866 59
12891 59
12912 59
12936 59
12963 59
12982 59
13009 59
13032 59
13052 59
13069 59
13095 60
13118 61
13143 61
13169 62
13188 62
13215 63
13239 63
13261 63
13288 63
13307 63
13331 63
13360 63
13384 63
13412 63
13430 63
13451 63
13473 63
13496 63
13519 63
13544 64
13561 64
13581 64
13605 64
13626 64
13648 64
13672 64
13697 64
13716 64
13739 64
13755 64
13773 64
13794 64
13814 64
13840 65
13856 65
13878 66
13900 66
13919 66
13940 66
13956 66
13973 66
13993 66
14018 66
14039 66
14054 66
14074 67
14100 67
14124 68
14146 68
14162 68
14178 68
14200 68
14224 68
14241 68
14259 68
14278 68
14298 68
14317 68
14340 68
14354 68
14376 68
14391 68
14410 68
14431 68
14446 68
14465 68
14481 68
14498 68
14516 68
14528 68
14545 68
14564 68
14585 68
14598 68
14611 68
14629 69
14645 69
14661 69
14679 70
14691 70
14711 71
14727 72
14747 72
14762 72
14777 72
14796 72
14812 72
14829 72
14848 72
14866 72
14878 72
14890 72
14906 72
14928 73
14942 73
14961 74
14979 74
14996 74
15010 74
15028 74
15048 74
15063 74
15076 74
15096 75
15111 75
15129 75
15149 75
15162 76
15178 76
15190 76
15210 77
15227 77
15244 77
15264 77
15278 77
15295 78
15313 78
15331 78
15351 79
15364 79
15383 80
15398 80
15415 80
15431 80
15449 80
15468 80
15491 80
15510 81
15523 81
15538 81
15553 81
15570 81
15591 81
15602 81
15619 81
15638 81
15653 81
15674 82
15689 82
15701 82
15719 82
15736 82
15750 82
15762 82
15779 82
15790 82
15804 82
15822 82
15841 82
15851 82
15869 83
15884 83
15901 83
15917 83
15927 83
15942 83
15959 83
15971 83
15984 83
15992 83
16004 83
16021 83
16038 83
16049 83
16062 83
16069 84
16079 84
16094 84
16110 84
16126 84
16134 84
16144 84
16156 84
16168 84
16174 84
16188 84
16196 84
16209 85
16219 85
16230 85
16242 85
16257 85
16266 85
16272 85
16283 85
16296 86
16304 86
16318 86
16329 87
16335 87
16345 87
16354 87
16369 87
16383 87
16388 87
16401 87
16412 87
16419 87
16428 87
16438 87
16451 88
16456 88
16464 88
16476 88
16480 88
16488 88
16497 88
16498 78
16523 78
16549 78
16577 78
16606 78
16636 78
16669 78
16702 78
16727 78
16756 78
16784 78
16819 78
16842 78
16867 78
16897 78
16928 79
16953 79
16985 80
17011 81
17036 81
17066 81
17100 81
17125 81
17154 81
17179 81
17210 81
17239 81
17270 82
17298 82
17322 82
17348 82
17379 82
17403 82
17434 83
17462 83
17490 83
17519 83
17549 83
17579 84
17607 84
17639 84
17663 84
17687 84
17714 84
17743 84
17768 84
17796 84
17825 84
17855 85
17877 85
17902 85
17927 85
17953 85
17981 85
18011 85
18043 86
18067 86
18089 86
18116 87
18141 87
18169 87
18199 87
18221 87
18249 87
18274 87
18306 87
18328 87
18357 87
18382 87
18407 87
18434 87
18465 88
18486 88
18510 88
18532 88
18558 88
18586 88
18608 88
18627 88
18650 88
18676 88
18701 88
18724 88
18742 88
18765 88
18792 88
18817 88
18837 88
18854 88
18875 88
18898 88
18923 88
18944 88
18967 89
18994 89
19018 89
19035 89
19053 89
19075 89
19094 89
19116 89
19140 90
19157 90
19175 90
19197 90
19216 90
19241 90
19261 90
19284 90
19306 90
19321 90
19338 90
19356 90
19377 90
19398 90
19413 90
19432 90
19446 90
19469 91
19490 91
19507 91
19529 92
19549 92
19562 93
19580 93
19604 93
19621 93
19643 93
19661 93
19682 93
19706 93
19722 93
19736 93
19757 93
19774 94
19793 95
19814 96
19836 96
19851 96
19869 96
19892 96
19914 96
19937 96
19958 96
19976 96
19993 97
20008 97
20028 97
20046 97
20069 97
20083 97
20105 97
20118 97
20139 97
20156 97
20176 97
20193 97
20211 97
20232 97
20246 97
20266 98
20279 98
20294 98
20309 98
20329 98
20350 98
20365 98
20383 99
20397 100
20411 101
20429 102
20446 102
20466 102
20489 102
20511 102
20531 102
20548 102
20564 102
20585 102
20606 102
20621 102
20639 103
20652 103
20673 104
20691 104
20711 104
20734 105
20751 105
20764 106
20785 106
20805 106
20828 106
20849 106
20872 106
20890 106
20906 107
20920 107
20938 107
20956 107
20976 107
20999 107
21021 107
21035 107
21053 108
21070 108
21085 108
21106 108
21128 108
21147 108
21164 108
21177 108
21198 108
21214 108
21231 108
21252 108
21264 108
21279 108
21299 108
21313 108
21331 108
21343 108
21365 108
21382 108
21398 109
21410 110
21422 110
21438 110
21453 110
21467 110
21485 110
21504 111
21519 112
21540 112
21553 112
21569 112
21588 112
21602 112
21618 112
21637 113
21648 113
21666 113
21686 113
21699 113
21717 114
21731 114
21747 114
21770 114
21788 114
21799 114
21817 114
21831 114
21842 114
21852 114
21866 114
21885 115
21898 115
21916 115
21935 115
21949 115
21966 115
21977 115
21989 115
22005 115
22021 116
22035 117
22051 117
22061 117
22079 117
22092 117
22111 117
22123 117
22137 117
22146 117
22161 117
22172 117
22191 117
22199 117
22215 118
22227 119
22240 119
22256 120
22274 120
22284 120
22297 120
22316 120
22336 120
22351 120
22366 120
22378 120
22394 120
22405 121
22422 121
22431 121
22443 121
22461 121
22472 121
22485 121
22493 121
22510 122
22524 122
22536 122
22552 122
22567 122
22576 122
22593 122
22603 122
22614 122
22621 122
22633 122
22647 122
22663 123
22678 123
22687 123
22698 123
22709 123
22726 123
22735 123
22742 123
22753 124
22764 124
22777 124
22783 124
22791 124
22799 124
22814 124
22830 124
22835 124
22841 124
22855 124
22864 124
22875 124
22887 124
22892 124
22906 124
22915 124
22922 124
22926 124
22927 114
22952 114
22979 114
23007 114
23038 114
23068 114
23092 114
23125 114
23157 114
23181 114
23204 114
23231 114
23260 114
23293 114
23324 114
23350 114
23376 114
23406 114
23428 114
23457 114
23478 114
23502 114
23532 114
23563 114
23588 114
23614 114
23639 115
23660 115
23684 115
23706 115
23726 115
23751 115
23777 115
23807 115
23836 115
23864 115
23881 116
23904 116
23928 116
23948 116
23967 116
23990 116
24015 116
24044 116
24071 116
24092 116
24109 117
24134 117
24155 117
24179 117
24206 117
24225 117
24252 117
24275 117
24295 117
24312 117
24338 118
24361 119
24386 119
24412 120
24431 120
24458 121
24482 121
24504 121
24531 121
24550 121
24574 121
24603 121
24627 121
24655 121
24673 121
24694 121
24716 121
24739 121
24762 121
24787 122
24804 122
24824 122
24848 122
24869 122
24891 122
24915 122
24940 122
24959 122
24982 122
24998 122
25016 122
25037 122
25057 122
25083 123
25099 123
25121 124
25143 124
25162 124
25183 124
25199 124
25216 124
25236 124
25261 124
25282 124
25297 124
25317 125
25343 125
25367 126
25389 126
25405 126
25421 126
25443 126
25467 126
25484 126
25502 126
25521 126
25541 126
25560 126
25583 126
25597 126
25619 126
25634 126
25653 126
25674 126
25689 126
25708 126
25724 126
25741 126
25759 126
25771 126
25788 126
25807 126
25828 126
25841 126
25854 126
25872 127
25888 127
25904 127
25922 128
25934 128
25954 129
25970 130
25990 130
26005 130
26020 130
26039 130
26055 130
26072 130
26091 130
26109 130
26121 130
26133 130
26149 130
26171 131
26185 131
26204 132
26222 132
26239 132
26253 132
26271 132
26291 132
26306 132
26319 132
26339 133
26354 133
26372 133
26392 133
26405 134
26421 134
26433 134
26453 135
26470 135
26487 135
26507 135
26521 135
26538 136
26556 136
26574 136
26594 137
26607 137
26626 138
26641 138
26658 138
26674 138
26692 138
26711 138
26734 138
26753 139
26766 139
26781 139
26796 139
26813 139
26834 139
26845 139
26862 139
26881 139
26896 139
26917 140
26932 140
26944 140
26962 140
26979 140
26993 140
27005 140
27022 140
27033 140
27047 140
27065 140
27084 140
27094 140
27112 141
27127 141
27144 141
27160 141
27170 141
27185 141
27202 141
27214 141
27227 141
27235 141
27247 141
27264 141
27281 141
27292 141
27305 141
27312 142
27322 142
27337 142
27353 142
27369 142
27377 142
27387 142
27399 142
27411 142
27417 142
27431 142
27439 142
27452 143
27462 143
27473 143
27485 143
27500 143
27509 143
27515 143
27526 143
27539 144
27547 144
27561 144
27572 145
27578 145
27588 145
27597 145
27612 145
27626 145
27631 145
27644 145
27655 145
27662 145
27671 145
27681 145
27694 146
27699 146
27707 146
27719 146
27723 146
27731 146
27740 146
27741 136
27766 136
27792 136
27820 136
27849 136
27879 136
27912 136
27945 136
27970 136
27999 136
28027 136
28062 136
28085 136
28110 136
28140 136
28171 137
28196 137
28228 138
28254 139
28279 139
28309 139
28343 139
28368 139
28397 139
28422 139
28453 139
28482 139
28513 140
28541 140
28565 140
28591 140
28622 140
28646 140
28677 141
28705 141
28733 141
28762 141
28792 141
28822 142
28850 142
28882 142
28906 142
28930 142
28957 142
28986 142
29011 142
29039 142
29068 142
29098 143
29120 143
29145 143
29170 143
29196 143
29224 143
29254 143
29286 144
29310 144
29332 144
29359 145
29384 145
29412 145
29442 145
29464 145
29492 145
29517 145
29549 145
29571 145
29600 145
29625 145
29650 145
29677 145
29708 146
29729 146
29753 146
29775 146
29801 146
29829 146
29851 146
29870 146
29893 146
29919 146
29944 146
29967 146
29985 146
30008 146
30035 146
30060 146
30080 146
30097 146
30118 146
30141 146
30166 146
30187 146
30210 147
30237 147
30261 147
30278 147
30296 147
30318 147
30337 147
30359 147
30383 148
30400 148
30418 148
30440 148
30459 148
30484 148
30504 148
30527 148
30549 148
30564 148
30581 148
30599 148
30620 148
30641 148
30656 148
30675 148
30689 148
30712 149
30733 149
30750 149
30772 150
30792 150
30805 151
30823 151
30847 151
30864 151
30886 151
30904 151
30925 151
30949 151
30965 151
30979 151
31000 151
31017 152
31036 153
31057 154
31079 154
31094 154
31112 154
31135 154
31157 154
31180 154
31201 154
31219 154
31236 155
31251 155
31271 155
31289 155
31312 155
31326 155
31348 155
31361 155
31382 155
31399 155
31419 155
31436 155
31454 155
31475 155
31489 155
31509 156
31522 156
31537 156
31552 156
31572 156
31593 156
31608 156
31626 157
31640 158
31654 159
31672 160
31689 160
31709 160
31732 160
31754 160
31774 160
31791 160
31807 160
31828 160
31849 160
31864 160
31882 161
31895 161
31916 162
31934 162
31954 162
31977 163
31994 163
32007 164
32028 164
32048 164
32071 164
32092 164
32115 164
32133 164
32149 165
32163 165
32181 165
32199 165
32219 165
32242 165
32264 165
32278 165
32296 166
32313 166
32328 166
32349 166
32371 166
32390 166
32407 166
32420 166
32441 166
32457 166
32474 166
32495 166
32507 166
32522 166
32542 166
32556 166
32574 166
32586 166
32608 166
32625 166
32641 167
32653 168
32665 168
32681 168
32696 168
32710 168
32728 168
32747 169
32762 170
32783 170
32796 170
32812 170
32831 170
32845 170
32861 170
32880 171
32891 171
32909 171
32929 171
32942 171
32960 172
32974 172
32990 172
33013 172
33031 172
33042 172
33060 172
33074 172
33085 172
33095 172
33109 172
33128 173
33141 173
33159 173
33178 173
33192 173
33209 173
33220 173
33232 173
33248 173
33264 174
33278 175
33294 175
33304 175
33322 175
33335 175
33354 175
33366 175
33380 175
33389 175
33404 175
33415 175
33434 175
33442 175
33458 176
33470 177
33483 177
33499 178
33517 178
33527 178
33540 178
33559 178
33579 178
33594 178
33609 178
33621 178
33637 178
33648 179
33665 179
33674 179
33686 179
33704 179
33715 179
33728 179
33736 179
33753 180
33767 180
33779 180
33795 180
33810 180
33819 180
33836 180
33846 180
33857 180
33864 180
33876 180
33890 180
33906 181
33921 181
33930 181
33941 181
33952 181
33969 181
33978 181
33985 181
33996 182
34007 182
34020 182
34026 182
34034 182
34042 182
34057 182
34073 182
34078 182
34084 182
34098 182
34107 182
34118 182
34130 182
34135 182
34149 182
34158 182
34165 182
34169 182
34170 172
34195 172
34222 172
34250 172
34281 172
34311 172
34335 172
34368 172
34400 172
34424 172
34447 172
34474 172
34503 172
34536 172
34567 172
34593 172
34619 172
34649 172
34671 172
34700 172
34721 172
34745 172
34775 172
34806 172
34831 172
34857 172
34882 173
34903 173
34927 173
34949 173
34969 173
34994 173
35020 173
35050 173
35079 173
35107 173
35124 174
35147 174
35171 174
35191 174
35210 174
35233 174
35258 174
35287 174
35314 174
35335 174
35352 175
35377 175
35398 175
35422 175
35449 175
35468 175
35495 175
35518 175
35538 175
35555 175
35581 176
35604 177
35629 177
35655 178
35674 178
35701 179
35725 179
35747 179
35774 179
35793 179
35817 179
35846 179
35870 179
35898 179
35916 179
35937 179
35959 179
35982 179
36005 179
36030 180
36047 180
36067 180
36091 180
36112 180
36134 180
36158 180
36183 180
36202 180
36225 180
36241 180
36259 180
36280 180
36300 180
36326 181
36342 181
36364 182
36386 182
36405 182
36426 182
36442 182
36459 182
36479 182
36504 182
36525 182
36540 182
36560 183
36586 183
36610 184
36632 184
36648 184
36664 184
36686 184
36710 184
36727 184
36745 184
36764 184
36784 184
36803 184
36826 184
36840 184
36862 184
36877 184
36896 184
36917 184
36932 184
36951 184
36967 184
36984 184
37002 184
37014 184
37031 184
37050 184
37071 184
37084 184
37097 184
37115 185
37131 185
37147 185
37165 186
37177 186
37197 187
37213 188
37233 188
37248 188
37263 188
37282 188
37298 188
37315 188
37334 188
37352 188
37364 188
37376 188
37392 188
37414 189
37428 189
37447 190
37465 190
37482 190
37496 190
37514 190
37534 190
37549 190
37562 190
37582 191
37597 191
37615 191
37635 191
37648 192
37664 192
37676 192
37696 193
37713 193
37730 193
37750 193
37764 193
37781 194
37799 194
37817 194
37837 195
37850 195
37869 196
37884 196
37901 196
37917 196
37935 196
37954 196
37977 196
37996 197
38009 197
38024 197
38039 197
38056 197
38077 197
38088 197
38105 197
38124 197
38139 197
38160 198
38175 198
38187 198
38205 198
38222 198
38236 198
38248 198
38265 198
38276 198
38290 198
38308 198
38327 198
38337 198
38355 199
38370 199
38387 199
38403 199
38413 199
38428 199
38445 199
38457 199
38470 199
38478 199
38490 199
38507 199
38524 199
38535 199
38548 199
38555 200
38565 200
38580 200
38596 200
38612 200
38620 200
38630 200
38642 200
38654 200
38660 200
38674 200
38682 200
38695 201
38705 201
38716 201
38728 201
38743 201
38752 201
38758 201
38769 201
38782 202
38790 202
38804 202
38815 203
38821 203
38831 203
38840 203
38855 203
38869 203
38874 203
38887 203
38898 203
38905 203
38914 203
38924 203
38937 204
38942 204
38950 204
38962 204
38966 204
38974 204
38983 204
38984 194
39009 194
39035 194
39063 194
39092 194
39122 194
39155 194
39188 194
39213 194
39242 194
39270 194
39305 194
39328 194
39353 194
39383 194
39414 195
39439 195
39471 196
39497 197
39522 197
39552 197
39586 197
39611 197
39640 197
39665 197
39696 197
39725 197
39756 198
39784 198
39808 198
39834 198
39865 198
39889 198
39920 199
39948 199
39976 199
40005 199
40035 199
40065 200
40093 200
40125 200
40149 200
40173 200
40200 200
40229 200
40254 200
40282 200
40311 200
40341 201
40363 201
40388 201
40413 201
40439 201
40467 201
40497 201
40529 202
40553 202
40575 202
40602 203
40627 203
40655 203
40685 203
40707 203
40735 203
40760 203
40792 203
40814 203
40843 203
40868 203
40893 203
40920 203
40951 204
40972 204
40996 204
41018 204
41044 204
41072 204
41094 204
41113 204
41136 204
41162 204
41187 204
41210 204
41228 204
41251 204
41278 204
41303 204
41323 204
41340 204
41361 204
41384 204
41409 204
41430 204
41453 205
41480 205
41504 205
41521 205
41539 205
41561 205
41580 205
41602 205
41626 206
41643 206
41661 206
41683 206
41702 206
41727 206
41747 206
41770 206
41792 206
41807 206
41824 206
41842 206
41863 206
41884 206
41899 206
41918 206
41932 206
41955 207
41976 207
41993 207
42015 208
42035 208
42048 209
42066 209
42090 209
42107 209
42129 209
42147 209
42168 209
42192 209
42208 209
42222 209
42243 209
42260 210
42279 211
42300 212
42322 212
42337 212
42355 212
42378 212
42400 212
42423 212
42444 212
42462 212
42479 213
42494 213
42514 213
42532 213
42555 213
42569 213
42591 213
42604 213
42625 213
42642 213
42662 213
42679 213
42697 213
42718 213
42732 213
42752 214
42765 214
42780 214
42795 214
42815 214
42836 214
42851 214
42869 215
42883 216
42897 217
42915 218
42932 218
42952 218
42975 218
42997 218
43017 218
43034 218
43050 218
43071 218
43092 218
43107 218
43125 219
43138 219
43159 220
43177 220
43197 220
43220 221
43237 221
43250 222
43271 222
43291 222
43314 222
43335 222
43358 222
43376 222
43392 223
43406 223
43424 223
43442 223
43462 223
43485 223
43507 223
43521 223
43539 224
43556 224
43571 224
43592 224
43614 224
43633 224
43650 224
43663 224
43684 224
43700 224
43717 224
43738 224
43750 224
43765 224
43785 224
43799 224
43817 224
43829 224
43851 224
43868 224
43884 225
43896 226
43908 226
43924 226
43939 226
43953 226
43971 226
43990 227
44005 228
44026 228
44039 228
44055 228
44074 228
44088 228
44104 228
44123 229
44134 229
44152 229
44172 229
44185 229
44203 230
44217 230
44233 230
44256 230
44274 230
44285 230
44303 230
44317 230
44328 230
44338 230
44352 230
44371 231
44384 231
44402 231
44421 231
44435 231
44452 231
44463 231
44475 231
44491 231
44507 232
44521 233
44537 233
44547 233
44565 233
44578 233
44597 233
44609 233
44623 233
44632 233
44647 233
44658 233
44677 233
44685 233
44701 234
44713 235
44726 235
44742 236
44760 236
44770 236
44783 236
44802 236
44822 236
44837 236
44852 236
44864 236
44880 236
44891 237
44908 237
44917 237
44929 237
44947 237
44958 237
44971 237
44979 237
44996 238
45010 238
45022 238
45038 238
45053 238
45062 238
45079 238
45089 238
45100 238
45107 238
45119 238
45133 238
45149 239
45164 239
45173 239
45184 239
45195 239
45212 239
45221 239
45228 239
45239 240
45250 240
45263 240
45269 240
45277 240
45285 240
45300 240
45316 240
45321 240
45327 240
45341 240
45350 240
45361 240
45373 240
45378 240
45392 240
45401 240
45408 240
45412 240
45413 230
45438 230
45465 230
45493 230
45524 230
45554 230
45578 230
45611 230
45643 230
45667 230
45690 230
45717 230
45746 230
45779 230
45810 230
45836 230
45862 230
45892 230
45914 230
45943 230
45964 230
45988 230
46018 230
46049 230
46074 230
46100 230
46125 231
46146 231
46170 231
46192 231
46212 231
46237 231
46263 231
46293 231
46322 231
46350 231
46367 232
46390 232
46414 232
46434 232
46453 232
46476 232
46501 232
46530 232
46557 232
46578 232
46595 233
46620 233
46641 233
46665 233
46692 233
46711 233
46738 233
46761 233
46781 233
46798 233
46824 234
46847 235
46872 235
46898 236
46917 236
46944 237
46968 237
46990 237
47017 237
47036 237
47060 237
47089 237
47113 237
47141 237
47159 237
47180 237
47202 237
47225 237
47248 237
47273 238
47290 238
47310 238
47334 238
47355 238
47377 238
47401 238
47426 238
47445 238
47468 238
47484 238
47502 238
47523 238
47543 238
47569 239
47585 239
47607 240
47629 240
47648 240
47669 240
47685 240
47702 240
47722 240
47747 240
47768 240
47783 240
47803 241
47829 241
47853 242
47875 242
47891 242
47907 242
47929 242
47953 242
47970 242
47988 242
48007 242
48027 242
48046 242
48069 242
48083 242
48105 242
48120 242
48139 242
48160 242
48175 242
48194 242
48210 242
48227 242
48245 242
48257 242
48274 242
48293 242
48314 242
48327 242
48340 242
48358 243
48374 243
48390 243
48408 244
48420 244
48440 245
48456 246
48476 246
48491 246
48506 246
48525 246
48541 246
48558 246
48577 246
48595 246
48607 246
48619 246
48635 246
48657 247
48671 247
48690 248
48708 248
48725 248
48739 248
48757 248
48777 248
48792 248
48805 248
48825 249
48840 249
48858 249
48878 249
48891 250
48907 250
48919 250
48939 251
48956 251
48973 251
48993 251
49007 251
49024 252
49042 252
49060 252
49080 253
49093 253
49112 254
49127 254
49144 254
49160 254
49178 254
49197 254
49220 254
49239 255
49252 255
49267 255
49282 255
49299 255
49320 255
49331 255
49348 255
49367 255
49382 255
49403 256
49418 256
49430 256
49448 256
49465 256
49479 256
49491 256
49508 256
49519 256
49533 256
49551 256
49570 256
49580 256
49598 257
49613 257
49630 257
49646 257
49656 257
49671 257
49688 257
49700 257
49713 257
49721 257
49733 257
49750 257
49767 257
49778 257
49791 257
49798 258
49808 258
49823 258
49839 258
49855 258
49863 258
49873 258
49885 258
49897 258
49903 258
49917 258
49925 258
49938 259
49948 259
49959 259
49971 259
49986 259
49995 259
50001 259
50012 259
50025 260
50033 260
50047 260
50058 261
50064 261
50074 261
50083 261
50098 261
50112 261
50117 261
50130 261
50141 261
50148 261
50157 261
50167 261
50180 262
50185 262
50193 262
50205 262
50209 262
50217 262
50226 262
50227 252
50252 252
50278 252
50306 252
50335 252
50365 252
50398 252
50431 252
50456 252
50485 252
50513 252
50548 252
50571 252
50596 252
50626 252
50657 253
50682 253
50714 254
50740 255
50765 255
50795 255
50829 255
50854 255
50883 255
50908 255
50939 255
50968 255
50999 256
51027 256
51051 256
51077 256
51108 256
51132 256
51163 257
51191 257
51219 257
51248 257
51278 257
51308 258
51336 258
51368 258
51392 258
51416 258
51443 258
51472 258
51497 258
51525 258
51554 258
51584 259
51606 259
51631 259
51656 259
51682 259
51710 259
51740 259
51772 260
51796 260
51818 260
51845 261
51870 261
51898 261
51928 261
51950 261
51978 261
52003 261
52035 261
52057 261
52086 261
52111 261
52136 261
52163 261
52194 262
52215 262
52239 262
52261 262
52287 262
52315 262
52337 262
52356 262
52379 262
52405 262
52430 262
52453 262
52471 262
52494 262
52521 262
52546 262
52566 262
52583 262
52604 262
52627 262
52652 262
52673 262
52696 263
52723 263
52747 263
52764 263
52782 263
52804 263
52823 263
52845 263
52869 264
52886 264
52904 264
52926 264
52945 264
52970 264
52990 264
53013 264
53035 264
53050 264
53067 264
53085 264
53106 264
53127 264
53142 264
53161 264
53175 264
53198 265
53219 265
53236 265
53258 266
53278 266
53291 267
53309 267
53333 267
53350 267
53372 267
53390 267
53411 267
53435 267
53451 267
53465 267
53486 267
53503 268
53522 269
53543 270
53565 270
53580 270
53598 270
53621 270
53643 270
53666 270
53687 270
53705 270
53722 271
53737 271
53757 271
53775 271
53798 271
53812 271
53834 271
53847 271
53868 271
53885 271
53905 271
53922 271
53940 271
53961 271
53975 271
53995 272
54008 272
54023 272
54038 272
54058 272
54079 272
54094 272
54112 273
54126 274
54140 275
54158 276
54175 276
54195 276
54218 276
54240 276
54260 276
54277 276
54293 276
54314 276
54335 276
54350 276
54368 277
54381 277
54402 278
54420 278
54440 278
54463 279
54480 279
54493 280
54514 280
54534 280
54557 280
54578 280
54601 280
54619 280
54635 281
54649 281
54667 281
54685 281
54705 281
54728 281
54750 281
54764 281
54782 282
54799 282
54814 282
54835 282
54857 282
54876 282
54893 282
54906 282
54927 282
54943 282
54960 282
54981 282
54993 282
55008 282
55028 282
55042 282
55060 282
55072 282
55094 282
55111 282
55127 283
55139 284
55151 284
55167 284
55182 284
55196 284
55214 284
55233 285
55248 286
55269 286
55282 286
55298 286
55317 286
55331 286
55347 286
55366 287
55377 287
55395 287
55415 287
55428 287
55446 288
55460 288
55476 288
55499 288
55517 288
55528 288
55546 288
55560 288
55571 288
55581 288
55595 288
55614 289
55627 289
55645 289
55664 289
55678 289
55695 289
55706 289
55718 289
55734 289
55750 290
55764 291
55780 291
55790 291
55808 291
55821 291
55840 291
55852 291
55866 291
55875 291
55890 291
55901 291
55920 291
55928 291
55944 292
55956 293
55969 293
55985 294
56003 294
56013 294
56026 294
56045 294
56065 294
56080 294
56095 294
56107 294
56123 294
56134 295
56151 295
56160 295
56172 295
56190 295
56201 295
56214 295
56222 295
56239 296
56253 296
56265 296
56281 296
56296 296
56305 296
56322 296
56332 296
56343 296
56350 296
56362 296
56376 296
56392 297
56407 297
56416 297
56427 297
56438 297
56455 297
56464 297
56471 297
56482 298
56493 298
56506 298
56512 298
56520 298
56528 298
56543 298
56559 298
56564 298
56570 298
56584 298
56593 298
56604 298
56616 298
56621 298
56635 298
56644 298
56651 298
56655 298
56656 288
56681 288
56708 288
56736 288
56767 288
56797 288
56821 288
56854 288
56886 288
56910 288
56933 288
56960 288
56989 288
57022 288
57053 288
57079 288
57105 288
57135 288
57157 288
57186 288
57207 288
57231 288
57261 288
57292 288
57317 288
57343 288
57368 289
57389 289
57413 289
57435 289
57455 289
57480 289
57506 289
57536 289
57565 289
57593 289
57610 290
57633 290
57657 290
57677 290
57696 290
57719 290
57744 290
57773 290
57800 290
57821 290
57838 291
57863 291
57884 291
57908 291
57935 291
57954 291
57981 291
58004 291
58024 291
58041 291
58067 292
58090 293
58115 293
58141 294
58160 294
58187 295
58211 295
58233 295
58260 295
58279 295
58303 295
58332 295
58356 295
58384 295
58402 295
58423 295
58445 295
58468 295
58491 295
58516 296
58533 296
58553 296
58577 296
58598 296
58620 296
58644 296
58669 296
58688 296
58711 296
58727 296
58745 296
58766 296
58786 296
58812 297
58828 297
58850 298
58872 298
58891 298
58912 298
58928 298
58945 298
58965 298
58990 298
59011 298
59026 298
59046 299
59072 299
59096 300
59118 300
59134 300
59150 300
59172 300
59196 300
59213 300
59231 300
59250 300
59270 300
59289 300
59312 300
59326 300
59348 300
59363 300
59382 300
59403 300
59418 300
59437 300
59453 300
59470 300
59488 300
59500 300
59517 300
59536 300
59557 300
59570 300
59583 300
59601 301
59617 301
59633 301
59651 302
59663 302
59683 303
59699 304
59719 304
59734 304
59749 304
59768 304
59784 304
59801 304
59820 304
59838 304
59850 304
59862 304
59878 304
59900 305
59914 305
59933 306
59951 306
59968 306
59982 306
60000 306
60020 306
60035 306
60048 306
60068 307
60083 307
60101 307
60121 307
60134 308
60150 308
60162 308
60182 309
60199 309
60216 309
60236 309
60250 309
60267 310
60285 310
60303 310
60323 311
60336 311
60355 312
60370 312
60387 312
60403 312
60421 312
60440 312
60463 312
60482 313
60495 313
60510 313
60525 313
60542 313
60563 313
60574 313
60591 313
60610 313
60625 313
60646 314
60661 314
60673 314
60691 314
60708 314
60722 314
60734 314
60751 314
60762 314
60776 314
60794 314
60813 314
60823 314
60841 315
60856 315
60873 315
60889 315
60899 315
60914 315
60931 315
60943 315
60956 315
60964 315
60976 315
60993 315
61010 315
61021 315
61034 315
61041 316
61051 316
61066 316
61082 316
61098 316
61106 316
61116 316
61128 316
61140 316
61146 316
61160 316
61168 316
61181 317
61191 317
61202 317
61214 317
61229 317
61238 317
61244 317
61255 317
61268 318
61276 318
61290 318
61301 319
61307 319
61317 319
61326 319
61341 319
61355 319
61360 319
61373 319
61384 319
61391 319
61400 319
61410 319
61423 320
61428 320
61436 320
61448 320
61452 320
61460 320
61469 320
61470 310
61495 310
61521 310
61549 310
61578 310
61608 310
61641 310
61674 310
61699 310
61728 310
61756 310
61791 310
61814 310
61839 310
61869 310
61900 311
61925 311
61957 312
61983 313
62008 313
62038 313
62072 313
62097 313
62126 313
62151 313
62182 313
62211 313
62242 314
62270 314
62294 314
62320 314
62351 314
62375 314
62406 315
62434 315
62462 315
62491 315
62521 315
62551 316
62579 316
62611 316
62635 316
62659 316
62686 316
62715 316
62740 316
62768 316
62797 316
62827 317
62849 317
62874 317
62899 317
62925 317
62953 317
62983 317
63015 318
63039 318
63061 318
63088 319
63113 319
63141 319
63171 319
63193 319
63221 319
63246 319
63278 319
63300 319
63329 319
63354 319
63379 319
63406 319
63437 320
63458 320
63482 320
63504 320
63530 320
63558 320
63580 320
63599 320
63622 320
63648 320
63673 320
63696 320
63714 320
63737 320
63764 320
63789 320
63809 320
63826 320
63847 320
63870 320
63895 320
63916 320
63939 321
63966 321
63990 321
64007 321
64025 321
64047 321
64066 321
64088 321
64112 322
64129 322
64147 322
64169 322
64188 322
64213 322
64233 322
64256 322
64278 322
64293 322
64310 322
64328 322
64349 322
64370 322
64385 322
64404 322
64418 322
64441 323
64462 323
64479 323
64501 324
64521 324
64534 325
64552 325
64576 325
64593 325
64615 325
64633 325
64654 325
64678 325
64694 325
64708 325
64729 325
64746 326
64765 327
64786 328
64808 328
64823 328
64841 328
64864 328
64886 328
64909 328
64930 328
64948 328
64965 329
64980 329
65000 329
65018 329
65041 329
65055 329
65077 329
65090 329
65111 329
65128 329
65148 329
65165 329
65183 329
65204 329
65218 329
65238 330
65251 330
65266 330
65281 330
65301 330
65322 330
65337 330
65355 331
65369 332
65383 333
65401 334
65418 334
65438 334
65461 334
65483 334
65503 334
65520 334
65536 334
65557 334
65578 334
65593 334
65611 335
65624 335
65645 336
65663 336
65683 336
65706 337
65723 337
65736 338
65757 338
65777 338
65800 338
65821 338
65844 338
65862 338
65878 339
65892 339
65910 339
65928 339
65948 339
65971 339
65993 339
66007 339
66025 340
66042 340
66057 340
66078 340
66100 340
66119 340
66136 340
66149 340
66170 340
66186 340
66203 340
66224 340
66236 340
66251 340
66271 340
66285 340
66303 340
66315 340
66337 340
66354 340
66370 341
66382 342
66394 342
66410 342
66425 342
66439 342
66457 342
66476 343
66491 344
66512 344
66525 344
66541 344
66560 344
66574 344
66590 344
66609 345
66620 345
66638 345
66658 345
66671 345
66689 346
66703 346
66719 346
66742 346
66760 346
66771 346
66789 346
66803 346
66814 346
66824 346
66838 346
66857 347
66870 347
66888 347
66907 347
66921 347
66938 347
66949 347
66961 347
66977 347
66993 348
67007 349
67023 349
67033 349
67051 349
67064 349
67083 349
67095 349
67109 349
67118 349
67133 349
67144 349
67163 349
67171 349
67187 350
67199 351
67212 351
67228 352
67246 352
67256 352
67269 352
67288 352
67308 352
67323 352
67338 352
67350 352
67366 352
67377 353
67394 353
67403 353
67415 353
67433 353
67444 353
67457 353
67465 353
67482 354
67496 354
67508 354
67524 354
67539 354
67548 354
67565 354
67575 354
67586 354
67593 354
67605 354
67619 354
67635 355
67650 355
67659 355
67670 355
67681 355
67698 355
67707 355
67714 355
67725 356
67736 356
67749 356
67755 356
67763 356
67771 356
67786 356
67802 356
67807 356
67813 356
67827 356
67836 356
67847 356
67859 356
67864 356
67878 356
67887 356
67894 356
67898 356
67899 346
67924 346
67951 346
67979 346
68010 346
68040 346
68064 346
68097 346
68129 346
68153 346
68176 346
68203 346
68232 346
68265 346
68296 346
68322 346
68348 346
68378 346
68400 346
68429 346
68450 346
68474 346
68504 346
68535 346
68560 346
68586 346
68611 347
68632 347
68656 347
68678 347
68698 347
68723 347
68749 347
68779 347
68808 347
68836 347
68853 348
68876 348
68900 348
68920 348
68939 348
68962 348
68987 348
69016 348
69043 348
69064 348
69081 349
69106 349
69127 349
69151 349
69178 349
69197 349
69224 349
69247 349
69267 349
69284 349
69310 350
69333 351
69358 351
69384 352
69403 352
69430 353
69454 353
69476 353
69503 353
69522 353
69546 353
69575 353
69599 353
69627 353
69645 353
69666 353
69688 353
69711 353
69734 353
69759 354
69776 354
69796 354
69820 354
69841 354
69863 354
69887 354
69912 354
69931 354
69954 354
69970 354
69988 354
70009 354
70029 354
70055 355
70071 355
70093 356
70115 356
70134 356
70155 356
70171 356
70188 356
70208 356
70233 356
70254 356
70269 356
70289 357
70315 357
70339 358
70361 358
70377 358
70393 358
70415 358
70439 358
70456 358
70474 358
70493 358
70513 358
70532 358
70555 358
70569 358
70591 358
70606 358
70625 358
70646 358
70661 358
70680 358
70696 358
70713 358
70731 358
70743 358
70760 358
70779 358
70800 358
70813 358
70826 358
70844 359
70860 359
70876 359
70894 360
70906 360
70926 361
70942 362
70962 362
70977 362
70992 362
71011 362
71027 362
71044 362
71063 362
71081 362
71093 362
71105 362
71121 362
71143 363
71157 363
71176 364
71194 364
71211 364
71225 364
71243 364
71263 364
71278 364
71291 364
71311 365
71326 365
71344 365
71364 365
71377 366
71393 366
71405 366
71425 367
71442 367
71459 367
71479 367
71493 367
71510 368
71528 368
71546 368
71566 369
71579 369
71598 370
71613 370
71630 370
71646 370
71664 370
71683 370
71706 370
71725 371
71738 371
71753 371
71768 371
71785 371
71806 371
71817 371
71834 371
71853 371
71868 371
71889 372
71904 372
71916 372
71934 372
71951 372
71965 372
71977 372
71994 372
72005 372
72019 372
72037 372
72056 372
72066 372
72084 373
72099 373
72116 373
72132 373
72142 373
72157 373
72174 373
72186 373
72199 373
72207 373
72219 373
72236 373
72253 373
72264 373
72277 373
72284 374
72294 374
72309 374
72325 374
72341 374
72349 374
72359 374
72371 374
72383 374
72389 374
72403 374
72411 374
72424 375
72434 375
72445 375
72457 375
72472 375
72481 375
72487 375
72498 375
72511 376
72519 376
72533 376
72544 377
72550 377
72560 377
72569 377
72584 377
72598 377
72603 377
72616 377
72627 377
72634 377
72643 377
72653 377
72666 378
72671 378
72679 378
72691 378
72695 378
72703 378
72712 378
72713 368
72738 368
72764 368
72792 368
72821 368
72851 368
72884 368
72917 368
72942 368
72971 368
72999 368
73034 368
73057 368
73082 368
73112 368
73143 369
73168 369
73200 370
73226 371
73251 371
73281 371
73315 371
73340 371
73369 371
73394 371
73425 371
73454 371
73485 372
73513 372
73537 372
73563 372
73594 372
73618 372
73649 373
73677 373
73705 373
73734 373
73764 373
73794 374
73822 374
73854 374
73878 374
73902 374
73929 374
73958 374
73983 374
74011 374
74040 374
74070 375
74092 375
74117 375
74142 375
74168 375
74196 375
74226 375
74258 376
74282 376
74304 376
74331 377
74356 377
74384 377
74414 377
74436 377
74464 377
74489 377
74521 377
74543 377
74572 377
74597 377
74622 377
74649 377
74680 378
74701 378
74725 378
74747 378
74773 378
74801 378
74823 378
74842 378
74865 378
74891 378
74916 378
74939 378
74957 378
74980 378
75007 378
75032 378
75052 378
75069 378
75090 378
75113 378
75138 378
75159 378
75182 379
75209 379
75233 379
75250 379
75268 379
75290 379
75309 379
75331 379
75355 380
75372 380
75390 380
75412 380
75431 380
75456 380
75476 380
75499 380
75521 380
75536 380
75553 380
75571 380
75592 380
75613 380
75628 380
75647 380
75661 380
75684 381
75705 381
75722 381
75744 382
75764 382
75777 383
75795 383
75819 383
75836 383
75858 383
75876 383
75897 383
75921 383
75937 383
75951 383
75972 383
75989 384
76008 385
76029 386
76051 386
76066 386
76084 386
76107 386
76129 386
76152 386
76173 386
76191 386
76208 387
76223 387
76243 387
76261 387
76284 387
76298 387
76320 387
76333 387
76354 387
76371 387
76391 387
76408 387
76426 387
76447 387
76461 387
76481 388
76494 388
76509 388
76524 388
76544 388
76565 388
76580 388
76598 389
76612 390
76626 391
76644 392
76661 392
76681 392
76704 392
76726 392
76746 392
76763 392
76779 392
76800 392
76821 392
76836 392
76854 393
76867 393
76888 394
76906 394
76926 394
76949 395
76966 395
76979 396
77000 396
77020 396
77043 396
77064 396
77087 396
77105 396
77121 397
77135 397
77153 397
77171 397
77191 397
77214 397
77236 397
77250 397
77268 398
77285 398
77300 398
77321 398
77343 398
77362 398
77379 398
77392 398
77413 398
77429 398
77446 398
77467 398
77479 398
77494 398
77514 398
77528 398
77546 398
77558 398
77580 398
77597 398
77613 399
77625 400
77637 400
77653 400
77668 400
77682 400
77700 400
77719 401
77734 402
77755 402
77768 402
77784 402
77803 402
77817 402
77833 402
77852 403
77863 403
77881 403
77901 403
77914 403
77932 404
77946 404
77962 404
77985 404
78003 404
78014 404
78032 404
78046 404
78057 404
78067 404
78081 404
78100 405
78113 405
78131 405
78150 405
78164 405
78181 405
78192 405
78204 405
78220 405
78236 406
78250 407
78266 407
78276 407
78294 407
78307 407
78326 407
78338 407
78352 407
78361 407
78376 407
78387 407
78406 407
78414 407
78430 408
78442 409
78455 409
78471 410
78489 410
78499 410
78512 410
78531 410
78551 410
78566 410
78581 410
78593 410
78609 410
78620 411
78637 411
78646 411
78658 411
78676 411
78687 411
78700 411
78708 411
78725 412
78739 412
78751 412
78767 412
78782 412
78791 412
78808 412
78818 412
78829 412
78836 412
78848 412
78862 412
78878 413
78893 413
78902 413
78913 413
78924 413
78941 413
78950 413
78957 413
78968 414
78979 414
78992 414
78998 414
79006 414
79014 414
79029 414
79045 414
79050 414
79056 414
79070 414
79079 414
79090 414
79102 414
79107 414
79121 414
79130 414
79137 414
79141 414
79142 404
79167 404
79194 404
79222 404
79253 404
79283 404
79307 404
79340 404
79372 404
79396 404
79419 404
79446 404
79475 404
79508 404
79539 404
79565 404
79591 404
79621 404
79643 404
79672 404
79693 404
79717 404
79747 404
79778 404
79803 404
79829 404
79854 405
79875 405
79899 405
79921 405
79941 405
79966 405
79992 405
80022 405
80051 405
80079 405
80096 406
80119 406
80143 406
80163 406
80182 406
80205 406
80230 406
80259 406
80286 406
80307 406
80324 407
80349 407
80370 407
80394 407
80421 407
80440 407
80467 407
80490 407
80510 407
80527 407
80553 408
80576 409
80601 409
80627 410
80646 410
80673 411
80697 411
80719 411
80746 411
80765 411
80789 411
80818 411
80842 411
80870 411
80888 411
80909 411
80931 411
80954 411
80977 411
81002 412
81019 412
81039 412
81063 412
81084 412
81106 412
81130 412
81155 412
81174 412
81197 412
81213 412
81231 412
81252 412
81272 412
81298 413
81314 413
81336 414
81358 414
81377 414
81398 414
81414 414
81431 414
81451 414
81476 414
81497 414
81512 414
81532 415
81558 415
81582 416
81604 416
81620 416
81636 416
81658 416
81682 416
81699 416
81717 416
81736 416
81756 416
81775 416
81798 416
81812 416
81834 416
81849 416
81868 416
81889 416
81904 416
81923 416
81939 416
81956 416
81974 416
81986 416
82003 416
82022 416
82043 416
82056 416
82069 416
82087 417
82103 417
82119 417
82137 418
82149 418
82169 419
82185 420
82205 420
82220 420
82235 420
82254 420
82270 420
82287 420
82306 420
82324 420
82336 420
82348 420
82364 420
82386 421
82400 421
82419 422
82437 422
82454 422
82468 422
82486 422
82506 422
82521 422
82534 422
82554 423
82569 423
82587 423
82607 423
82620 424
82636 424
82648 424
82668 425
82685 425
82702 425
82722 425
82736 425
82753 426
82771 426
82789 426
82809 427
82822 427
82841 428
82856 428
82873 428
82889 428
82907 428
82926 428
82949 428
82968 429
82981 429
82996 429
83011 429
83028 429
83049 429
83060 429
83077 429
83096 429
83111 429
83132 430
83147 430
83159 430
83177 430
83194 430
83208 430
83220 430
83237 430
83248 430
83262 430
83280 430
83299 430
83309 430
83327 431
83342 431
83359 431
83375 431
83385 431
83400 431
83417 431
83429 431
83442 431
83450 431
83462 431
83479 431
83496 431
83507 431
83520 431
83527 432
83537 432
83552 432
83568 432
83584 432
83592 432
83602 432
83614 432
83626 432
83632 432
83646 432
83654 432
83667 433
83677 433
83688 433
83700 433
83715 433
83724 433
83730 433
83741 433
83754 434
83762 434
83776 434
83787 435
83793 435
83803 435
83812 435
83827 435
83841 435
83846 435
83859 435
83870 435
83877 435
83886 435
83896 435
83909 436
83914 436
83922 436
83934 436
83938 436
83946 436
83955 436
83956 426
83981 426
84007 426
84035 426
84064 426
84094 426
84127 426
84160 426
84185 426
84214 426
84242 426
84277 426
84300 426
84325 426
84355 426
84386 427
84411 427
84443 428
84469 429
84494 429
84524 429
84558 429
84583 429
84612 429
84637 429
84668 429
84697 429
84728 430
84756 430
84780 430
84806 430
84837 430
84861 430
84892 431
84920 431
84948 431
84977 431
85007 431
85037 432
85065 432
85097 432
85121 432
85145 432
85172 432
85201 432
85226 432
85254 432
85283 432
85313 433
85335 433
85360 433
85385 433
85411 433
85439 433
85469 433
85501 434
85525 434
85547 434
85574 435
85599 435
85627 435
85657 435
85679 435
85707 435
85732 435
85764 435
85786 435
85815 435
85840 435
85865 435
85892 435
85923 436
85944 436
85968 436
85990 436
86016 436
86044 436
86066 436
86085 436
86108 436
86134 436
86159 436
86182 436
86200 436
86223 436
86250 436
86275 436
86295 436
86312 436
86333 436
86356 436
86381 436
86402 436
86425 437
86452 437
86476 437
86493 437
86511 437
86533 437
86552 437
86574 437
86598 438
86615 438
86633 438
86655 438
86674 438
86699 438
86719 438
86742 438
86764 438
86779 438
86796 438
86814 438
86835 438
86856 438
86871 438
86890 438
86904 438
86927 439
86948 439
86965 439
86987 440
87007 440
87020 441
87038 441
87062 441
87079 441
87101 441
87119 441
87140 441
87164 441
87180 441
87194 441
87215 441
87232 442
87251 443
87272 444
87294 444
87309 444
87327 444
87350 444
87372 444
87395 444
87416 444
87434 444
87451 445
87466 445
87486 445
87504 445
87527 445
87541 445
87563 445
87576 445
87597 445
87614 445
87634 445
87651 445
87669 445
87690 445
87704 445
87724 446
87737 446
87752 446
87767 446
87787 446
87808 446
87823 446
87841 447
87855 448
87869 449
87887 450
87904 450
87924 450
87947 450
87969 450
87989 450
88006 450
88022 450
88043 450
88064 450
88079 450
88097 451
88110 451
88131 452
88149 452
88169 452
88192 453
88209 453
88222 454
88243 454
88263 454
88286 454
88307 454
88330 454
88348 454
88364 455
88378 455
88396 455
88414 455
88434 455
88457 455
88479 455
88493 455
88511 456
88528 456
88543 456
88564 456
88586 456
88605 456
88622 456
88635 456
88656 456
88672 456
88689 456
88710 456
88722 456
88737 456
88757 456
88771 456
88789 456
88801 456
88823 456
88840 456
88856 457
88868 458
88880 458
88896 458
88911 458
88925 458
88943 458
88962 459
88977 460
88998 460
89011 460
89027 460
89046 460
89060 460
89076 460
89095 461
89106 461
89124 461
89144 461
89157 461
89175 462
89189 462
89205 462
89228 462
89246 462
89257 462
89275 462
89289 462
89300 462
89310 462
89324 462
89343 463
89356 463
89374 463
89393 463
89407 463
89424 463
89435 463
89447 463
89463 463
89479 464
89493 465
89509 465
89519 465
89537 465
89550 465
89569 465
89581 465
89595 465
89604 465
89619 465
89630 465
89649 465
89657 465
89673 466
89685 467
89698 467
89714 468
89732 468
89742 468
89755 468
89774 468
89794 468
89809 468
89824 468
89836 468
89852 468
89863 469
89880 469
89889 469
89901 469
89919 469
89930 469
89943 469
89951 469
89968 470
89982 470
89994 470
90010 470
90025 470
90034 470
90051 470
90061 470
90072 470
90079 470
90091 470
90105 470
90121 471
90136 471
90145 471
90156 471
90167 471
90184 471
90193 471
90200 471
90211 472
90222 472
90235 472
90241 472
90249 472
90257 472
90272 472
90288 472
90293 472
90299 472
90313 472
90322 472
90333 472
90345 472
90350 472
90364 472
90373 472
90380 472
90384 472
90385 462
90410 462
90437 462
90465 462
90496 462
90526 462
90550 462
90583 462
90615 462
90639 462
90662 462
90689 462
90718 462
90751 462
90782 462
90808 462
90834 462
90864 462
90886 462
90915 462
90936 462
90960 462
90990 462
91021 462
91046 462
91072 462
91097 463
91118 463
91142 463
91164 463
91184 463
91209 463
91235 463
91265 463
91294 463
91322 463
91339 464
91362 464
91386 464
91406 464
91425 464
91448 464
91473 464
91502 464
91529 464
91550 464
91567 465
91592 465
91613 465
91637 465
91664 465
91683 465
91710 465
91733 465
91753 465
91770 465
91796 466
91819 467
91844 467
91870 468
91889 468
91916 469
91940 469
91962 469
91989 469
92008 469
92032 469
92061 469
92085 469
92113 469
92131 469
92152 469
92174 469
92197 469
92220 469
92245 470
92262 470
92282 470
92306 470
92327 470
92349 470
92373 470
92398 470
92417 470
92440 470
92456 470
92474 470
92495 470
92515 470
92541 471
92557 471
92579 472
92601 472
92620 472
92641 472
92657 472
92674 472
92694 472
92719 472
92740 472
92755 472
92775 473
92801 473
92825 474
92847 474
92863 474
92879 474
92901 474
92925 474
92942 474
92960 474
92979 474
92999 474
93018 474
93041 474
93055 474
93077 474
93092 474
93111 474
93132 474
93147 474
93166 474
93182 474
93199 474
93217 474
93229 474
93246 474
93265 474
93286 474
93299 474
93312 474
93330 475
93346 475
93362 475
93380 476
93392 476
93412 477
93428 478
93448 478
93463 478
93478 478
93497 478
93513 478
93530 478
93549 478
93567 478
93579 478
93591 478
93607 478
93629 479
93643 479
93662 480
93680 480
93697 480
93711 480
93729 480
93749 480
93764 480
93777 480
93797 481
93812 481
93830 481
93850 481
93863 482
93879 482
93891 482
93911 483
93928 483
93945 483
93965 483
93979 483
93996 484
94014 484
94032 484
94052 485
94065 485
94084 486
94099 486
94116 486
94132 486
94150 486
94169 486
94192 486
94211 487
94224 487
94239 487
94254 487
94271 487
94292 487
94303 487
94320 487
94339 487
94354 487
94375 488
94390 488
94402 488
94420 488
94437 488
94451 488
94463 488
94480 488
94491 488
94505 488
94523 488
94542 488
94552 488
94570 489
94585 489
94602 489
94618 489
94628 489
94643 489
94660 489
94672 489
94685 489
94693 489
94705 489
94722 489
94739 489
94750 489
94763 489
94770 490
94780 490
94795 490
94811 490
94827 490
94835 490
94845 490
94857 490
94869 490
94875 490
94889 490
94897 490
94910 491
94920 491
94931 491
94943 491
94958 491
94967 491
94973 491
94984 491
94997 492
95005 492
95019 492
95030 493
95036 493
95046 493
95055 493
95070 493
95084 493
95089 493
95102 493
95113 493
95120 493
95129 493
95139 493
95152 494
95157 494
95165 494
95177 494
95181 494
95189 494
95198 494
95199 484
95224 484
95250 484
95278 484
95307 484
95337 484
95370 484
95403 484
95428 484
95457 484
95485 484
95520 484
95543 484
95568 484
95598 484
95629 485
95654 485
95686 486
95712 487
95737 487
95767 487
95801 487
95826 487
95855 487
95880 487
95911 487
95940 487
95971 488
95999 488
96023 488
96049 488
96080 488
96104 488
96135 489
96163 489
96191 489
96220 489
96250 489
96280 490
96308 490
96340 490
96364 490
96388 490
96415 490
96444 490
96469 490
96497 490
96526 490
96556 491
96578 491
96603 491
96628 491
96654 491
96682 491
96712 491
96744 492
96768 492
96790 492
96817 493
96842 493
96870 493
96900 493
96922 493
96950 493
96975 493
97007 493
97029 493
97058 493
97083 493
97108 493
97135 493
97166 494
97187 494
97211 494
97233 494
97259 494
97287 494
97309 494
97328 494
97351 494
97377 494
97402 494
97425 494
97443 494
97466 494
97493 494
97518 494
97538 494
97555 494
97576 494
97599 494
97624 494
97645 494
97668 495
97695 495
97719 495
97736 495
97754 495
97776 495
97795 495
97817 495
97841 496
97858 496
97876 496
97898 496
97917 496
97942 496
97962 496
97985 496
98007 496
98022 496
98039 496
98057 496
98078 496
98099 496
98114 496
98133 496
98147 496
98170 497
98191 497
98208 497
98230 498
98250 498
98263 499
98281 499
98305 499
98322 499
98344 499
98362 499
98383 499
98407 499
98423 499
98437 499
98458 499
98475 500
98494 501
98515 502
98537 502
98552 502
98570 502
98593 502
98615 502
98638 502
98659 502
98677 502
98694 503
98709 503
98729 503
98747 503
98770 503
98784 503
98806 503
98819 503
98840 503
98857 503
98877 503
98894 503
98912 503
98933 503
98947 503
98967 504
98980 504
98995 504
99010 504
99030 504
99051 504
99066 504
99084 505
99098 506
99112 507
99130 508
99147 508
99167 508
99190 508
99212 508
99232 508
99249 508
99265 508
99286 508
99307 508
99322 508
99340 509
99353 509
99374 510
99392 510
99412 510
99435 511
99452 511
99465 512
99486 512
99506 512
99529 512
99550 512
99573 512
99591 512
99607 513
99621 513
99639 513
99657 513
99677 513
99700 513
99722 513
99736 513
99754 514
99771 514
99786 514
99807 514
99829 514
99848 514
99865 514
99878 514
99899 514
99915 514
99932 514
99953 514
99965 514
99980 514
