6 0
15 0
24 0
36 0
49 0
63 0
79 0
96 0
114 0
135 0
156 0
180 0
203 0
229 0
257 0
286 0
317 0
348 0
382 0
417 0
453 0
491 0
530 0
570 0
613 0
656 0
702 0
747 0
795 0
845 0
896 0
949 0
1002 0
1058 0
1115 0
1173 0
1233 0
1294 0
1356 0
1421 0
1486 0
1554 0
1621 0
1691 0
1763 0
1836 0
1911 0
1986 0
2064 0
2143 0
2223 0
2305 0
2388 0
2472 0
2559 0
2646 0
2736 0
2825 0
2917 0
3011 0
3106 0
3203 0
3300 0
3400 0
3501 0
3603 0
3707 0
3812 0
3918 0
4027 0
4136 0
4248 0
4359 0
4473 0
4589 0
4706 0
4825 0
4944 0
