1497 0
2993 0
4487 0
5979 0
7469 0
8957 0
10443 0
11927 0
13409 0
14889 0
16367 0
17843 0
19317 0
20789 0
22259 0
23727 0
25193 0
26657 0
28119 0
29579 0
31037 0
32493 0
33947 0
35399 0
36849 0
38297 0
39743 0
41187 0
42629 0
44069 0
45507 0
46943 0
48377 0
49809 0
51239 0
52667 0
54093 0
55517 0
56939 0
58359 0
59777 0
61193 0
62607 0
64019 0
65429 0
66837 0
68243 0
69647 0
71049 0
72449 0
73847 0
75243 0
76637 0
78029 0
79419 0
80807 0
82193 0
83577 0
84959 0
86339 0
87717 0
89093 0
90467 0
91839 0
93209 0
94577 0
95943 0
97307 0
98669 0
100029 0
101387 0
102743 0
104097 0
105449 0
106799 0
108147 0
109493 0
110837 0
112179 0
113519 0
114857 0
116193 0
117527 0
118859 0
120189 0
121517 0
122843 0
124167 0
125489 0
126809 0
128127 0
129443 0
130757 0
132069 0
133379 0
134687 0
135993 0
137297 0
138599 0
139899 0
141197 0
142493 0
143787 0
145079 0
146369 0
147657 0
148943 0
150227 0
151509 0
152789 0
154067 0
155343 0
156617 0
157889 0
159159 0
160427 0
161693 0
162957 0
164219 0
165479 0
166737 0
167993 0
169247 0
170499 0
171749 0
172997 0
174243 0
175487 0
176729 0
177969 0
179207 0
180443 0
181677 0
182909 0
184139 0
185367 0
186593 0
187817 0
189039 0
190259 0
191477 0
192693 0
193907 0
195119 0
196329 0
197537 0
198743 0
199947 0
201149 0
202349 0
203547 0
204743 0
205937 0
207129 0
208319 0
209507 0
210693 0
211877 0
213059 0
214239 0
215417 0
216593 0
217767 0
218939 0
220109 0
221277 0
222443 0
223607 0
224769 0
225929 0
227087 0
228243 0
229397 0
230549 0
231699 0
232847 0
233993 0
235137 0
236279 0
237419 0
238557 0
239693 0
240827 0
241959 0
243089 0
244217 0
245343 0
246467 0
247589 0
248709 0
249827 0
250943 0
252057 0
253169 0
254279 0
255387 0
256493 0
257597 0
258699 0
259799 0
260897 0
261993 0
263087 0
264179 0
265269 0
266357 0
267443 0
268527 0
269609 0
270689 0
271767 0
272843 0
273917 0
274989 0
276059 0
277127 0
278193 0
279257 0
280319 0
281379 0
282437 0
283493 0
284547 0
285599 0
286649 0
287697 0
288743 0
289787 0
290829 0
291869 0
292907 0
293943 0
294977 0
296009 0
297039 0
298067 0
299093 0
300117 0
301139 0
302159 0
303177 0
304193 0
305207 0
306219 0
307229 0
308237 0
309243 0
310247 0
311249 0
312249 0
313249 0
314251 0
315255 0
316261 0
317269 0
318279 0
319291 0
320305 0
321321 0
322339 0
323359 0
324381 0
325405 0
326431 0
327459 0
328489 0
329521 0
330555 0
331591 0
332629 0
333669 0
334711 0
335755 0
336801 0
337849 0
338899 0
339951 0
341005 0
342061 0
343119 0
344179 0
345241 0
346305 0
347371 0
348439 0
349509 0
350581 0
351655 0
352731 0
353809 0
354889 0
355971 0
357055 0
358141 0
359229 0
360319 0
361411 0
362505 0
363601 0
364699 0
365799 0
366901 0
368005 0
369111 0
370219 0
371329 0
372441 0
373555 0
374671 0
375789 0
376909 0
378031 0
379155 0
380281 0
381409 0
382539 0
383671 0
384805 0
385941 0
387079 0
388219 0
389361 0
390505 0
391651 0
392799 0
393949 0
395101 0
396255 0
397411 0
398569 0
399729 0
400891 0
402055 0
403221 0
404389 0
405559 0
406731 0
407905 0
409081 0
410259 0
411439 0
412621 0
413805 0
414991 0
416179 0
417369 0
418561 0
419755 0
420951 0
422149 0
423349 0
424551 0
425755 0
426961 0
428169 0
429379 0
430591 0
431805 0
433021 0
434239 0
435459 0
436681 0
437905 0
439131 0
440359 0
441589 0
442821 0
444055 0
445291 0
446529 0
447769 0
449011 0
450255 0
451501 0
452749 0
453999 0
455251 0
456505 0
457761 0
459019 0
460279 0
461541 0
462805 0
464071 0
465339 0
466609 0
467881 0
469155 0
470431 0
471709 0
472989 0
474271 0
475555 0
476841 0
478129 0
479419 0
480711 0
482005 0
483301 0
484599 0
485899 0
487201 0
488505 0
489811 0
491119 0
492429 0
493741 0
495055 0
496371 0
497689 0
499009 0
500331 0
501655 0
502981 0
504309 0
505639 0
506971 0
508305 0
509641 0
510979 0
512319 0
513661 0
515005 0
516351 0
517699 0
519049 0
520401 0
521755 0
523111 0
524469 0
525829 0
527191 0
528555 0
529921 0
531289 0
532659 0
534031 0
535405 0
536781 0
538159 0
539539 0
540921 0
542305 0
543691 0
545079 0
546469 0
547861 0
549255 0
550651 0
552049 0
553449 0
554851 0
556255 0
557661 0
559069 0
560479 0
561891 0
563305 0
564721 0
566139 0
567559 0
568981 0
570405 0
571831 0
573259 0
574689 0
576121 0
577555 0
578991 0
580429 0
581869 0
583311 0
584755 0
586201 0
587649 0
589099 0
590551 0
592005 0
593461 0
594919 0
596379 0
597841 0
599305 0
600771 0
602239 0
603709 0
605181 0
606655 0
608131 0
609609 0
611089 0
612571 0
614055 0
615541 0
617029 0
618519 0
620011 0
621505 0
623001 0
624499 2
625997 2
627493 2
628987 2
630479 2
631969 2
633457 2
634943 2
636427 2
637909 2
639389 2
640867 2
642343 2
643817 2
645289 2
646759 2
648227 2
649693 2
651157 2
652619 2
654079 2
655537 2
656993 2
658447 2
659899 2
661349 2
662797 2
664243 2
665687 2
667129 2
668569 2
670007 2
671443 2
672877 2
674309 2
675739 2
677167 2
678593 2
680017 2
681439 2
682859 2
684277 2
685693 2
687107 2
688519 2
689929 2
691337 2
692743 2
694147 2
695549 2
696949 2
698347 2
699743 2
701137 2
702529 2
703919 2
705307 2
706693 2
708077 2
709459 2
710839 2
712217 2
713593 2
714967 2
716339 2
717709 2
719077 2
720443 2
721807 2
723169 2
724529 2
725887 2
727243 2
728597 2
729949 2
731299 2
732647 2
733993 2
735337 2
736679 2
738019 2
739357 2
740693 2
742027 2
743359 2
744689 2
746017 2
747343 2
748667 2
749989 2
751309 2
752627 2
753943 2
755257 2
756569 2
757879 2
759187 2
760493 2
761797 2
763099 2
764399 2
765697 2
766993 2
768287 2
769579 2
770869 2
772157 2
773443 2
774727 2
776009 2
777289 2
778567 2
779843 2
781117 2
782389 2
783659 2
784927 2
786193 2
787457 2
788719 2
789979 2
791237 2
792493 2
793747 2
794999 2
796249 2
797497 2
798743 2
799987 2
801229 2
802469 2
803707 2
804943 2
806177 2
807409 2
808639 2
809867 2
811093 2
812317 2
813539 2
814759 2
815977 2
817193 2
818407 2
819619 2
820829 2
822037 2
823243 2
824447 2
825649 2
826849 2
828047 2
829243 2
830437 2
831629 2
832819 2
834007 2
835193 2
836377 2
837559 2
838739 2
839917 2
841093 2
842267 2
843439 2
844609 2
845777 2
846943 2
848107 2
849269 2
850429 2
851587 2
852743 2
853897 2
855049 2
856199 2
857347 2
858493 2
859637 2
860779 2
861919 2
863057 2
864193 2
865327 2
866459 2
867589 2
868717 2
869843 2
870967 2
872089 2
873209 2
874327 2
875443 2
876557 2
877669 2
878779 2
879887 2
880993 2
882097 2
883199 2
884299 2
885397 2
886493 2
887587 2
888679 2
889769 2
890857 2
891943 2
893027 2
894109 2
895189 2
896267 2
897343 2
898417 2
899489 2
900559 2
901627 2
902693 2
903757 2
904819 2
905879 2
906937 2
907993 2
909047 2
910099 2
911149 2
912197 2
913243 2
914287 2
915329 2
916369 2
917407 2
918443 2
919477 2
920509 2
921539 2
922567 2
923593 2
924617 2
925639 2
926659 2
927677 2
928693 2
929707 2
930719 2
931729 2
932737 2
933743 2
934747 2
935749 2
936749 2
937749 2
938751 2
939755 2
940761 2
941769 2
942779 2
943791 2
944805 2
945821 2
946839 2
947859 2
948881 2
949905 2
950931 2
951959 2
952989 2
954021 2
955055 2
956091 2
957129 2
958169 2
959211 2
960255 2
961301 2
962349 2
963399 2
964451 2
965505 2
966561 2
967619 2
968679 2
969741 2
970805 2
971871 2
972939 2
974009 2
975081 2
976155 2
977231 2
978309 2
979389 2
980471 2
981555 2
982641 2
983729 2
984819 2
985911 2
987005 2
988101 2
989199 2
990299 2
991401 2
992505 2
993611 2
994719 2
995829 2
996941 2
998055 2
999171 2
