4939 0
10035 0
15154 0
20345 0
25386 0
30302 0
35249 0
40240 0
44942 0
49941 0
55110 0
60380 0
65115 0
70176 0
75270 0
80393 0
85360 0
90701 0
95848 0
100787 0
105843 0
110594 0
115821 0
121025 0
126086 0
131122 0
135940 0
141037 0
146192 0
151078 0
156048 0
161125 0
166208 0
171187 0
175935 0
180814 0
185924 0
191377 0
196491 0
201575 0
206508 0
211455 0
216421 0
221233 0
226454 0
231511 0
236240 0
241176 0
246456 0
251237 0
256158 0
260875 0
266136 0
270840 0
275622 0
280481 0
285599 0
290705 0
295727 0
300529 0
305502 0
310412 0
315544 0
320434 0
325329 0
330332 0
335041 0
339943 0
344981 0
349880 0
354809 0
359719 0
364632 0
369637 0
374474 0
379307 0
384255 0
389294 0
394572 0
399856 0
404785 0
409838 0
414678 0
419875 0
425231 0
430009 0
434723 0
439974 0
444921 0
449836 0
454698 0
459726 0
464394 0
469212 0
474434 0
479405 0
484204 0
489163 0
494310 0
499387 0
504271 0
509355 0
514205 0
519296 0
524161 0
529259 0
534352 0
539225 0
543857 0
548790 0
553884 0
558797 0
563827 0
568696 0
573514 0
578654 0
583549 0
588569 0
593734 0
598565 0
603656 0
608480 0
613410 0
618422 0
623300 0
628236 0
633261 0
638274 0
643252 0
647902 0
652931 0
658216 0
663359 0
668237 0
673201 0
678096 0
682845 0
687781 0
692819 0
697795 0
702799 0
707543 0
712418 0
717367 0
722226 0
727046 0
732236 0
737203 0
742081 0
746950 0
751915 0
756739 0
761490 0
766512 0
771393 0
776247 0
780993 0
786045 0
790821 0
795716 0
800391 0
805360 0
810437 0
815206 0
820150 0
824941 0
829904 0
834765 0
839632 0
844362 0
848960 0
854275 0
859086 0
864029 0
868825 0
873546 0
878118 0
883119 0
888019 0
892972 0
897940 0
902773 0
908030 0
912978 0
917900 0
922515 0
927547 0
932224 0
936860 0
941642 0
946320 0
951444 0
956363 0
961051 0
965715 0
970664 0
975582 0
980723 0
985840 0
990735 0
995883 0
